8654
2632
5671
5752
6499
5797
383
2392
1582
2099
521
6949
3670
3355
2862
4520
8013
7991
4322
7655
1082
3783
7459
1246
9646
4543
5123
8947
3496
604
8925
7911
4972
3917
8254
7981
875
6707
6112
6313
1482
8900
817
3172
5259
6441
2983
896
8328
9071
7548
7260
2239
6603
3447
6763
8364
7280
438
1945
9145
6389
4718
7797
4717
1982
7102
4541
5549
3320
1807
6779
6938
542
5571
7339
9148
9252
4314
5622
9649
555
3527
1087
5481
5879
7211
2765
5979
8529
8757
6922
8403
6912
8111
5130
6251
8282
5795
1808
1563
5754
3033
2428
7281
4363
2167
3460
714
8361
7828
8019
6377
6364
7548
2978
3498
5352
7474
927
5053
7173
9435
9557
1223
8875
9284
8219
798
8652
619
2860
1320
5246
4093
3276
146
5163
4631
116
6502
3135
9318
8504
2990
5726
6317
1955
9963
5566
47
2100
4739
1026
3866
9230
252
6233
6481
6876
6313
5609
3739
3943
4198
7828
9697
8731
3569
1138
7651
9717
4479
6195
1900
7935
1954
3619
2548
5198
8214
9701
9085
207
7311
6403
1880
3729
8558
5545
1043
1661
622
464
8930
5528
1865
9005
5593
9163
4868
905
229
992
6696
9004
8262
6764
6320
4248
3086
7636
1414
6535
1770
8365
3867
5998
1485
7054
1228
8150
1799
8403
4317
2692
8382
8303
2082
6282
9288
4433
2129
3338
9648
1859
3856
7032
8028
5267
8780
551
720
1266
2403
4103
5108
2890
5310
817
8960
9068
9736
2190
1600
8206
8794
3778
9763
4493
3989
4010
6094
8840
5665
8247
6392
3878
5101
726
7147
8495
2642
2293
7050
2859
463
8123
6372
5414
6363
5264
6058
6118
4368
9256
8805
7583
7221
46
2228
8797
6220
6185
1468
7630
5740
9678
662
2659
9146
7716
2454
9547
3817
2964
22
7305
85
8232
5163
2890
507
1443
4744
8747
5423
5231
3260
6498
5139
7852
70
3278
2845
4650
3176
9132
4937
6090
6562
4248
1004
6644
4883
1881
4156
5653
2130
3158
2928
9089
6305
4635
5569
6922
7616
8698
8858
9759
950
1501
9074
9858
6192
5700
1076
8792
7719
877
191
596
442
3157
926
255
4239
7116
8636
5830
932
466
2635
50
3984
1986
8055
9130
2484
8846
8753
1268
3552
447
5019
7322
5911
763
7328
6052
4662
8530
2617
272
7103
3289
7590
7278
6036
5626
3198
5603
3609
5557
2353
2781
8764
8745
808
4127
1040
2607
8028
1841
957
866
4276
7125
5863
9351
8556
8499
483
2026
9060
9591
3557
3790
1623
9952
8238
8991
6593
2486
1685
8089
5545
8413
8568
8586
9402
7417
5425
1746
6126
384
7660
3579
5104
7828
4327
3371
6556
8353
5299
5783
2447
6862
8932
8973
3700
9285
6807
7941
6519
820
2763
2264
6133
4691
3854
6245
6096
2430
3097
3100
6272
2364
369
8382
1765
3907
8191
5571
3873
9724
5353
4648
6719
8210
5190
9198
9265
2208
4014
9027
8453
7317
3283
6980
6824
8421
2524
6739
9462
2340
908
2989
5120
7300
6740
6955
6855
2406
6797
4989
3456
8586
4523
9362
5418
1581
4748
9433
1790
9204
7241
4876
8176
4142
1700
9676
3222
4839
6043
9603
7567
2120
1124
9154
4054
1408
383
7395
3984
1472
8365
4955
6670
5031
2768
7242
9927
5846
8763
7715
3233
9518
2125
8848
3476
6588
9342
6901
9370
9422
8818
2370
3104
1411
6674
56
6906
1247
1293
7203
1925
8808
5127
9100
9236
1228
3224
8347
8245
4297
1802
6515
5616
3813
948
2728
5720
2423
5876
9424
5471
8155
905
6883
925
1417
4236
1425
5077
5157
8927
6292
786
2651
7193
7945
3342
2014
662
7937
5036
330
1655
8341
2251
2499
3098
4424
6053
4106
7843
6653
6117
5077
7241
5047
2900
887
4577
3790
9532
454
7266
3479
5840
8100
9290
5267
5828
8283
6248
9800
2770
1325
3810
9558
7105
7191
4042
6112
7904
7085
7978
2031
3572
5868
6128
9049
3408
4572
5425
8014
2096
9299
8336
3864
3509
7118
7030
3005
3903
7299
2040
8177
7858
7792
2376
9264
3647
6359
6598
2749
9964
4218
5121
5838
4289
8916
9265
5341
7220
6738
5783
9089
5406
8507
7523
4682
9854
2946
8604
737
8889
8889
558
3657
3222
1796
2928
1040
7754
7232
1768
5202
7518
4963
4389
2655
1647
3991
5507
1882
3705
7628
9952
4570
4898
7493
3615
2175
6301
2034
1418
5377
8480
6934
1421
8561
1720
3043
7169
6399
5573
7295
1808
3287
2577
5588
8495
643
7437
5108
7496
223
729
5503
9030
1882
2810
3682
1082
3103
1998
9007
349
1646
6872
5519
417
1979
410
3335
4064
7733
9080
1150
8765
6088
8073
5464
1945
6471
1831
7417
8583
668
4649
642
7299
9980
5980
9163
9557
4435
183
6221
2087
4458
9199
3563
43
5395
9728
4654
4978
1483
1729
2628
7538
8270
2405
1361
1650
1504
3788
9052
7155
6792
5189
5021
3072
811
3886
2584
7972
5491
1953
2889
3989
7060
1134
6845
5062
2968
4134
9786
1639
899
1281
163
6546
9494
1704
4800
5006
2023
9923
606
1813
7824
6275
8537
4413
373
9850
3029
6448
4502
4362
9420
6285
8791
9841
6359
9575
2355
2822
510
7613
7938
655
5249
4871
5144
2736
9195
1432
8315
5347
9895
3719
3255
8723
5444
7246
5735
4985
2310
163
4399
6525
9336
8603
8061
3312
1609
9142
6315
4667
8492
486
4917
6285
5212
2289
9419
7272
6764
1713
2159
2471
8454
72
8614
296
350
6381
2513
4198
4295
9295
9032
2753
2374
502
7951
2691
1601
6964
618
6634
7608
2255
4584
4499
7993
9701
1471
6171
7459
4956
9375
7349
6564
8748
3293
1617
6706
1137
1962
9185
1093
9646
6109
2035
532
6845
212
1492
9217
9626
5757
9475
2758
7446
1033
138
3415
9200
8933
5014
8759
2892
2155
3703
5935
6641
4150
3953
8038
3229
9603
1445
895
9712
2782
1902
4658
1681
8589
271
130
3762
2427